0,576.4200000000003,9874,-616
1,561.2400000000004,9948,-493
2,547.7099999999997,9711,-730
3,558.6400000000001,9849,-629
4,547.2599999999991,9636,-708
5,554.5199999999996,9826,-601
6,556.3600000000001,9746,-775
7,547.989999999999,9701,-675
8,567.6599999999997,9976,-601
9,564.7699999999991,9991,-603
10,639.6300000000003,9739,-793
11,665.4800000000002,9833,-684
12,685.7199999999993,9944,-576
13,676.4499999999989,9773,-620
14,684.9200000000006,9817,-703
15,691.8299999999992,9880,-729
16,657.7400000000019,9527,-944
17,659.5099999999995,9445,-814
18,676.6400000000002,9680,-720
19,680.3300000000002,9770,-626
20,688.3399999999993,9759,-645
21,676.1699999999997,9686,-807
22,658.9099999999996,9442,-912
23,663.5000000000005,9548,-927
24,675.67,9670,-738
25,669.8899999999987,9576,-865
26,649.9300000000003,9321,-924
27,645.0500000000011,9264,-1246
28,666.730000000001,9575,-1046
29,645.7999999999995,9278,-1232
30,657.1599999999987,9380,-1189
31,660.1700000000003,9262,-1123
32,671.2500000000005,9578,-868
33,662.86,9574,-934
34,661.3600000000005,9377,-1179
35,652.5000000000023,9315,-1082
36,640.9699999999999,9233,-980
37,640.74,9087,-1319
38,651.6100000000007,9272,-1214
39,642.6799999999997,9244,-1025
40,619.5200000000017,8797,-1763
41,587.6699999999993,8320,-2180
42,589.9300000000002,8409,-2214
43,636.6600000000008,9000,-1519
44,621.3699999999999,8850,-1432
45,621.1899999999999,8746,-1753
46,629.1300000000007,8952,-1424
47,646.2800000000008,9227,-1209
48,651.5899999999997,9310,-1232
49,669.0599999999994,9469,-997
50,681.1399999999995,9673,-896
51,687.0600000000004,9713,-624
52,666.4699999999996,9548,-929
53,693.8300000000002,9815,-682
54,687.1500000000005,9751,-752
55,693.9000000000005,9815,-729
56,688.9599999999995,9738,-590
57,699.9000000000007,9882,-587
58,711.4600000000017,9940,-590
59,713.9999999999998,10048,-551
60,724.8399999999996,10142,-313
61,726.9899999999999,10100,-286
62,724.0099999999981,10218,-380
63,722.5000000000007,10113,-394
64,734.9500000000002,10251,-279
65,710.2300000000002,9979,-356
66,723.2500000000006,10149,-193
67,723.5900000000016,10063,-586
68,727.1100000000001,10148,-225
69,709.9500000000022,9936,-488
70,730.3200000000003,10163,-432
71,713.970000000001,10060,-388
72,724.8900000000009,10180,-389
73,729.460000000001,10190,-370
74,721.7500000000015,10075,-416
75,705.1500000000017,9960,-258
76,723.2500000000003,10166,-291
77,725.9099999999991,10198,-284
78,726.8899999999999,10080,-315
79,725.1700000000002,10138,-326
80,733.3099999999993,10336,-116
81,731.3499999999999,10249,-158
82,724.9600000000004,10129,-255
83,713.58,10100,-252
84,726.3699999999995,10230,-293
85,733.0500000000001,10240,-376
86,724.6899999999978,10102,-167
87,748.3300000000006,10390,-147
88,747.2700000000009,10433,-255
89,723.6800000000005,10111,-207
90,736.1400000000001,10157,-162
91,732.11,10256,-236
92,740.9500000000012,10338,-178
93,748.0900000000009,10338,-197
94,735.5800000000011,10327,-166
95,717.7399999999997,10050,-176
96,729.5200000000007,10122,-177
97,738.510000000001,10151,-218
98,738.920000000001,10219,-156
99,730.8700000000007,10204,-339
100,734.4100000000009,10350,-134
101,750.9199999999987,10494,-135
102,725.2500000000001,10222,-319
103,750.8399999999992,10432,-185
104,742.8800000000009,10389,-58
105,742.5600000000004,10252,-257
106,740.4000000000002,10258,-254
107,746.19,10318,-158
108,751.3300000000011,10504,-183
109,751.0099999999999,10400,-122
110,761.9000000000008,10487,-83
111,739.5000000000014,10364,-173
112,754.0700000000005,10434,-67
113,744.4099999999995,10145,-176
114,737.9300000000007,10264,-360
115,774.6300000000009,10722,-81
116,748.8199999999997,10311,-238
117,742.8599999999982,10264,-236
118,739.9600000000006,10257,-108
119,736.1900000000003,10202,-271
120,735.3500000000007,10246,-99
121,726.4300000000007,10025,-320
122,758.2499999999998,10462,-211
123,727.6199999999988,10139,-106
124,761.1300000000014,10412,-284
125,746.6500000000007,10350,-226
126,758.4700000000003,10461,-140
127,746.6800000000005,10224,-208
128,750.6300000000001,10345,-91
129,737.5699999999989,10198,-210
130,733.0299999999997,10209,-246
131,749.3699999999997,10371,-172
132,736.790000000001,10202,-222
133,747.7700000000009,10330,-187
134,752.3900000000002,10299,-182
135,730.4700000000012,10138,-113
136,752.9299999999995,10350,-172
137,737.4999999999997,10240,-260
138,738.3199999999998,10191,-285
139,737.4999999999999,10167,-123
140,752.9899999999999,10379,-177
141,746.47,10308,-54
142,762.170000000001,10623,-83
143,738.1000000000007,10125,-222
144,740.3899999999991,10256,-238
145,736.2400000000015,10227,-130
146,756.1700000000011,10508,-147
147,732.3200000000005,10176,-197
148,745.250000000001,10273,-128
149,745.2700000000016,10363,-179
150,761.5199999999991,10465,-146
151,741.29,10186,-196
152,741.700000000001,10242,-99
153,743.3100000000003,10310,-83
154,739.6899999999996,10295,-92
155,742.4300000000017,10403,-170
156,748.0299999999997,10284,-168
157,740.6499999999997,10288,-174
158,746.7000000000003,10321,-184
159,741.7300000000006,10288,-203
160,747.4399999999995,10397,-63
161,753.8100000000015,10363,-95
162,749.2000000000005,10332,-189
163,740.759999999999,10341,-144
164,752.9899999999991,10383,-125
165,762.7299999999997,10581,-54
166,734.9899999999999,10229,-229
167,757.3999999999982,10466,-155
168,739.19,10267,-194
169,739.0400000000008,10250,-310
170,747.2099999999989,10319,-68
171,744.060000000001,10354,-127
172,732.5299999999996,10133,-144
173,760.7699999999991,10594,-72
174,756.0700000000008,10430,-52
175,739.6600000000001,10228,-218
176,755.6600000000001,10376,-60
177,750.7099999999984,10403,-181
178,737.1300000000006,10235,-104
179,741.8899999999999,10321,-44
180,756.0699999999995,10497,-209
181,750.2899999999997,10368,-168
182,763.5599999999997,10467,-75
183,751.3299999999994,10361,-97
184,745.3999999999987,10342,-182
185,760.55,10508,-78
186,745.9699999999996,10292,-215
187,730.3600000000015,10060,-91
188,745.1399999999998,10447,-117
189,750.0600000000017,10413,-117
190,735.9400000000013,10206,-246
191,741.09,10331,-200
192,737.6399999999995,10291,-189
193,728.2799999999997,10142,-322
194,744.039999999998,10299,-211
195,747.1899999999993,10306,-267
196,753.6099999999991,10342,-205
197,736.0000000000001,10239,-80
198,746.8900000000014,10349,-186
199,747.110000000001,10338,-140
200,747.4399999999996,10212,-58
201,735.0100000000002,10205,-221
202,740.4299999999996,10270,-214
203,728.7200000000007,10161,-241
204,746.0200000000003,10377,-216
205,749.7799999999988,10384,-109
206,741.84,10168,-251
207,733.5400000000003,10122,-283
208,730.6900000000013,10158,-395
209,748.6100000000007,10449,-65
210,754.6999999999994,10322,-195
211,741.730000000001,10235,-303
212,760.8900000000001,10400,-119
213,748.7399999999991,10287,-89
214,748.9200000000003,10338,-196
215,731.4499999999998,10108,-226
216,734.5600000000002,10155,-239
217,742.1999999999996,10265,-142
218,737.5299999999996,10171,-211
219,752.8700000000005,10423,-186
220,747.3699999999995,10211,-168
221,756.6199999999997,10507,-28
222,757.9400000000013,10424,-136
223,758.210000000001,10447,-111
224,752.0499999999995,10388,-295
225,748.3500000000006,10474,-118
226,749.7799999999995,10339,-110
227,744.4199999999995,10306,-120
228,748.9100000000007,10341,-126
229,738.2599999999993,10273,-183
230,756.3199999999995,10476,-99
231,723.5900000000008,10024,-305
232,729.0599999999998,10187,-207
233,746.4700000000006,10346,-228
234,734.5399999999996,10288,-255
235,742.8600000000001,10223,-235
236,742.1199999999998,10172,-177
237,741.6400000000001,10246,-227
238,749.1899999999993,10270,-156
239,748.3100000000007,10349,-197
240,752.2199999999991,10365,-254
241,734.9699999999997,10070,-193
242,742.0700000000018,10199,-161
243,739.4100000000005,10115,-259
244,756.3000000000005,10343,-96
245,757.5000000000005,10287,-104
246,743.1799999999995,10194,-337
247,738.2599999999993,10259,-233
248,750.0700000000003,10266,-140
249,742.8999999999997,10237,-175
250,757.1900000000014,10416,-278
251,748.4099999999986,10311,-257
252,753.54,10356,-161
253,753.5200000000003,10318,-305
254,750.6699999999997,10505,-172
255,752.9700000000001,10398,-171
256,744.58,10370,-129
257,752.3199999999994,10417,-91
258,759.1300000000005,10447,-198
259,744.5799999999991,10276,-263
260,752.3200000000003,10380,-183
261,769.91,10524,-112
262,742.4900000000013,10238,-239
263,763.3999999999992,10518,-63
264,732.9099999999991,10043,-306
265,762.9700000000001,10468,-114
266,745.6499999999988,10252,-283
267,723.4000000000004,10062,-366
268,751.5499999999982,10148,-412
269,725.1900000000018,10108,-280
270,740.5999999999987,10238,-139
271,742.7900000000009,10282,-219
272,738.9399999999994,10086,-166
273,759.3100000000009,10397,-100
274,746.9399999999999,10260,-174
275,748.8099999999996,10291,-171
276,750.8199999999988,10336,-83
277,760.9600000000007,10478,-98
278,751.6999999999998,10389,-234
279,761.4399999999989,10476,-31
280,733.6800000000003,10203,-133
281,750.06,10340,-170
282,730.2700000000006,10158,-329
283,751.1400000000006,10310,-189
284,729.1700000000008,10107,-218
285,735.7599999999996,10181,-179
286,761.6999999999996,10412,-179
287,743.0899999999987,10253,-292
288,742.3999999999997,10295,-176
289,738.2499999999994,10194,-233
290,764.2400000000005,10463,-114
291,750.810000000001,10440,-120
292,741.8099999999998,10246,-228
293,745.1099999999997,10116,-201
294,748.5299999999984,10331,-162
295,753.5799999999994,10412,-190
296,753.7300000000006,10420,-118
297,749.140000000001,10270,-124
298,748.0000000000003,10274,-130
299,742.5900000000006,10218,-281
300,747.36,10332,-53
301,755.98,10399,-122
302,741.630000000001,10171,-198
303,745.4300000000006,10249,-220
304,734.8899999999991,10214,-204
305,747.430000000001,10281,-200
306,752.6800000000015,10415,-165
307,739.75,10222,-83
308,746.8500000000005,10318,-171
309,756.9300000000001,10439,-125
310,743.3499999999995,10322,-97
311,739.93,10247,-215
312,744.6899999999996,10422,-128
313,749.2300000000014,10404,-90
314,749.4099999999997,10290,-288
315,749.6599999999992,10236,-181
316,759.9299999999994,10518,-134
317,740.3600000000017,10085,-261
318,742.1099999999994,10217,-140
319,754.1600000000008,10335,-215
320,761.34,10472,-77
321,755.5800000000008,10399,-58
322,738.7100000000002,10187,-287
323,731.2599999999996,10205,-156
324,744.3899999999988,10308,-9
325,740.1900000000004,10309,-116
326,755.7899999999987,10510,-150
327,741.1100000000002,10162,-244
328,746.6400000000009,10212,-118
329,751.5600000000007,10422,-138
330,746.0299999999993,10276,-194
331,765.3900000000006,10522,-54
332,744.9000000000001,10239,-244
333,751.0200000000006,10443,-208
334,751.5200000000003,10347,-149
335,748.74,10367,-249
336,754.8599999999999,10455,-166
337,728.260000000001,9982,-251
338,737.930000000001,10288,-140
339,758.7800000000003,10429,-125
340,728.8700000000001,10165,-187
341,752.0899999999982,10507,-101
342,749.1999999999991,10251,-212
343,747.6000000000006,10284,-211
344,748.4400000000004,10302,-94
345,745.7200000000009,10319,-125
346,754.2400000000015,10344,-222
347,733.8200000000005,10153,-251
348,753.02,10426,-211
349,735.5600000000004,10138,-242
350,742.7999999999997,10314,-161
351,754.4999999999993,10411,-72
352,753.8699999999993,10436,-101
353,755.7099999999988,10483,-205
354,748.0499999999993,10316,-124
355,754.2099999999989,10340,-284
356,753.8699999999998,10469,-199
357,760.4399999999993,10543,-69
358,737.4099999999993,10152,-411
359,744.7499999999989,10242,-237
360,741.8900000000008,10294,-305
361,742.7299999999996,10289,-344
362,759.6900000000003,10475,-163
363,741.6700000000004,10264,-160
364,721.3300000000002,10117,-262
365,754.8499999999992,10419,-160
366,743.8800000000011,10328,-237
367,734.7100000000006,10133,-240
368,717.749999999999,9973,-312
369,752.840000000001,10389,-219
370,759.8000000000013,10375,-159
371,742.4699999999995,10283,-209
372,737.769999999999,10205,-227
373,749.7800000000015,10250,-159
374,748.6700000000001,10345,-161
375,730.3299999999988,10179,-56
376,745.9299999999997,10325,-147
377,757.5600000000003,10506,-60
378,736.8300000000003,10259,-232
379,742.9099999999995,10332,-173
380,760.0100000000004,10556,-139
381,739.1700000000004,10315,-55
382,730.7499999999994,10211,-221
383,747.4699999999993,10301,-181
384,756.0500000000001,10402,-242
385,758.0399999999988,10488,-289
386,756.7,10382,-165
387,740.4499999999987,10260,-255
388,756.2999999999986,10420,-235
389,749.1300000000003,10339,-195
390,743.4799999999991,10290,-89
391,751.1500000000002,10426,-146
392,735.6799999999998,10293,-162
393,757.6600000000004,10357,-87
394,750.2200000000006,10387,-121
395,751.0799999999998,10301,-202
396,765.6399999999991,10559,-102
397,732.9899999999993,10127,-161
398,763.0500000000011,10481,-71
399,745.1999999999998,10355,-202
400,751.1199999999998,10363,-73
401,737.0399999999993,10156,-95
402,745.8100000000015,10256,-118
403,758.1999999999999,10448,-72
404,759.3500000000006,10412,-75
405,746.2599999999989,10294,-167
406,737.8900000000002,10110,-288
407,726.6799999999995,10019,-199
408,739.6800000000006,10278,-157
409,743.93,10270,-228
410,755.5499999999992,10424,-119
411,763.5700000000005,10455,-142
412,757.4000000000005,10455,-92
413,724.8700000000008,9958,-361
414,752.3699999999997,10275,-223
415,754.6099999999996,10353,-221
416,753.1100000000022,10524,-134
417,738.8199999999999,10271,-94
418,756.6799999999987,10373,-149
419,763.1099999999998,10484,-52
420,756.3300000000011,10442,-100
421,744.5000000000001,10266,-146
422,730.6400000000002,10097,-192
423,736.7399999999988,10258,-97
424,752.4299999999995,10427,-144
425,747.8499999999995,10247,-196
426,732.6000000000001,10245,-117
427,741.7299999999988,10351,-166
428,748.829999999999,10312,-231
429,753.9700000000008,10339,-153
430,747.099999999998,10336,-189
431,744.7099999999996,10267,-190
432,756.6099999999993,10395,-120
433,760.0999999999998,10404,-74
434,746.7099999999979,10324,-201
435,747.7799999999994,10422,-101
436,753.0899999999998,10407,-225
437,736.1800000000006,10279,-172
438,744.1500000000008,10263,-269
439,748.2999999999996,10278,-296
440,743.570000000001,10305,-149
441,749.6499999999987,10377,-149
442,736.0400000000005,10160,-243
443,752.7000000000004,10488,-159
444,741.41,10408,-160
445,740.199999999998,10269,-225
446,730.4500000000015,10202,-163
447,753.4099999999994,10374,-163
448,738.6699999999995,10259,-296
449,748.0599999999998,10363,-169
450,766.1000000000006,10469,-54
451,735.7099999999991,10147,-302
452,768.6499999999991,10689,-53
453,733.0299999999986,10173,-129
454,738.6300000000005,10180,-215
455,760.429999999999,10564,-113
456,754.2900000000002,10449,-53
457,749.5899999999996,10309,-255
458,739.589999999999,10212,-82
459,744.4700000000003,10357,-153
460,755.3199999999997,10315,-157
461,753.8899999999998,10367,-140
462,755.7799999999994,10368,-144
463,743.2699999999995,10323,-219
464,749.470000000001,10293,-136
465,754.9199999999995,10403,-192
466,752.2399999999992,10437,-198
467,753.0299999999999,10440,-162
468,745.9299999999984,10307,-174
469,738.53,10241,-262
470,734.4399999999996,10206,-131
471,738.2699999999988,10236,-133
472,742.9000000000002,10250,-196
473,745.9000000000009,10397,-208
474,729.9299999999987,10063,-186
475,751.0999999999982,10388,-77
476,748.9599999999998,10389,-103
477,744.0399999999994,10387,-157
478,755.7299999999998,10502,-135
479,743.1299999999997,10297,-251
480,747.0799999999991,10241,-230
481,746.5100000000004,10268,-263
482,744.2100000000002,10247,-212
483,760.9400000000005,10627,-120
484,758.879999999999,10395,-176
485,749.8399999999995,10405,-148
486,733.0199999999998,10230,-205
487,751.8200000000012,10281,-148
488,747.42,10324,-260
489,722.5000000000005,10007,-313
490,718.6800000000004,10066,-251
491,744.8799999999992,10282,-288
492,742.3799999999991,10331,-198
493,737.2300000000008,10252,-227
494,732.9400000000007,10272,-244
495,717.2400000000005,10053,-360
496,699.8700000000011,9664,-867
497,727.4100000000004,10112,-434
498,656.3700000000001,9147,-1433
499,636.680000000002,8742,-1617
